0,457
0,456
0,455
0,454
0,453
0,452
0,451
78,5
78,4
78,3
78,2
78,1
78,0
77,4
77,3
77,2
77,1
77,0
76,4
0,450
0,449
76,3
76,2
76,1
76,0
75,4
75,3
75,2
75,1
75,0
74,4
74,3
74,2
74,1
74,0
73,3
73,2
73,1
73,0
72,4
72,3
72,2
72,1
72,0
71,4
71,3
71,2
71,1
71,0
70,3
70,2
70,1
70,0
69,5
69,4
69,3
69,2
69,1
69,0
68,4
68,3
68,2
68,1
68,0
67,3
67,2
67,1
67,0
14,11
0,448
66,3
66,2
0,447
66,1
66,0
0,446
0,445
65,5
65,4
65,3
65,2
0,444
65,1
65,0
0,443
0,442
64,5
64,4
64,3
64,2
0,441
64,1
64,0
0,440
0,439
63,4
63,3
63,2
0,438
63,1
63,0
0,437
0,436
62,5
62,4
62,3
62,2
0,435
62,1
62,0
0,434
0,433
61,3
61,2
0,432
61,1
61,0
0,431
0,430
60,4
60,3
60,2
0,429
60,1
60,0
0,428
0,427
59,4
59,3
59,2
0,426
59,1
59,0
0,425
0,424
58,3
58,2
0,423
58,1
58,0
0,422
0,421
57,3
57,2
0,420
57,1
57,0
0,419
0,418
56,4
56,3
56,2
0,417
56,1
56,0
0,416
0,415
55,5
55,4
55,3
55,2
0,414
0,413
55,1
55,0
0,412
0,411
54,3
54,2
0,410
54,1
54,0
0,409
0,408
53,3
53,2
0,407
53,1
53,0
0,406
0,405
52,3
52,2
0,404
52,1
52,0
0,403
0,402
51,5
51,4
51,3
51,2
0,401
51,1
51,0
0,400
0,399
50,3
50,2
0,398
50,1
50,0
0,397
0,396
49,5
49,4
49,3
49,2
0,395
49,1
49,0
